Mon Nov 30 16:09:59 CET 2015

-> Temps de constructions : 

8.13655
6.19937
6.46023
6.07449
6.34264
6.21105
8.63281
7.30822
6.18963
6.23700
6.26523
6.36919
5.94684
6.14818
6.17240
6.05356
6.05481
29.5363
5.84133
5.34834

-> Temps d'insertion : 

0.00122900
0.00104400
0.000647000
0.00106400
0.000800000
0.000795000
0.00106700
0.00100100
0.000715000
0.000899000
0.00106900
0.000947000
0.000507000
0.000873000
0.000887000
0.000733000
0.000669000
0.00104300
0.000684000
0.000781000

-> Temps de recherche : 

0.00272300
0.00224500
0.000934000
0.00309800
0.00273700
0.00255900
0.00317400
0.0249200
0.000901000
0.000843000
0.00119000
0.00110300
0.000488000
0.000840000
0.00119800
0.000832000
0.000895000
0.00134300
0.000924000
0.000732000

-> Temps de suppressions : 

0.0474960
0.0899030
0.0549920
0.136697
0.142498
0.196543
0.145495
0.185477
0.128493
0.120454
0.0548550
0.0652690
0.0642130
0.0508440
0.0674670
0.0762710
0.0924240
0.0986690
0.0802330
0.0589230

-> Temps de comptage de mots : 

0.998805
0.918952
0.927383
1.02582
0.936308
1.33021
1.27851
1.00841
0.973387
1.00909
1.37599
0.915461
1.03552
1.02766
0.923557
0.917005
0.910491
0.657058
0.915226
1.00549

-> Temps de prefixe : 

0.00603200
0.00133000
0.0329170
0.00174800
0.00128000
0.00115100
0.00134400
0.00349200
0.000805000
0.00127500
0.00139500
0.00131300
0.0323550
0.00156100
0.00124000
0.00104800
0.00136200
0.00675800
0.000784000
0.00126700


===============================================

Mon Nov 30 16:10:03 CET 2015

-> Temps de constructions : 

6.85451
6.52657
6.41436
6.25703
6.43950
6.23364
6.67986
6.36091
6.27406
6.28901
6.26954
6.47283
6.23699
6.35680
6.16456
6.11924
6.14192
28.4839
6.04727
5.56292

-> Temps d'insertion : 

0.00123600
0.000978000
0.000449000
0.000677000
0.000786000
0.000806000
0.000764000
0.00103600
0.000617000
0.000816000
0.00101000
0.000934000
0.000585000
0.000874000
0.000884000
0.000787000
0.000820000
0.00107900
0.000704000
0.000725000

-> Temps de recherche : 

0.00166000
0.00137600
0.000449000
0.00154400
0.00218800
0.00165600
0.00205100
0.0224300
0.000880000
0.000627000
0.000932000
0.00144900
0.000442000
0.000824000
0.00114800
0.000733000
0.000828000
0.00127100
0.000831000
0.000829000

-> Temps de suppressions : 

0.0451360
0.0993560
0.0613490
0.108405
0.145111
0.165024
0.109480
0.143930
0.0853030
0.109608
0.0373390
0.100228
0.0658010
0.0523700
0.0651950
0.0784120
0.0970530
0.0939240
0.0830150
0.0597020

-> Temps de comptage de mots : 

1.13886
1.08226
1.12211
1.15862
1.02926
1.15054
1.08542
1.09879
1.11136
1.11280
1.35816
1.04028
1.05119
1.03238
0.968605
0.978780
0.964911
0.586104
0.919496
0.916750


-> Temps de prefixe : 

0.00839800
0.00163900
0.0452340
0.00191400
0.00157300
0.00139100
0.00133000
0.00278100
0.00146000
0.00179200
0.00130600
0.00152400
0.0414340
0.00162200
0.00122400
0.00136300
0.00101900
0.00474000
0.000845000
0.00125300

===============================================

