Mon Nov 30 16:10:09 CET 2015

-> Temps de constructions : 

5.97940
5.59416
5.61640
5.45709
5.60794
5.62990
5.59293
5.40606
5.49134
5.47930
5.96448
5.47403
5.82735
5.51436
5.58143
5.48414
5.44305
5.43996
27.9120
5.17546

-> Temps d'insertion : 

0.000706000
0.000860000
0.000504000
0.000663000
0.000672000
0.000696000
0.000718000
0.000799000
0.000879000
0.000601000
0.000696000
0.000668000
0.000687000
0.000663000
0.000690000
0.000660000
0.000807000
0.000968000
0.000985000
0.000656000

-> Temps de recherche : 

0.00459900
0.00515200
0.0189340
0.0362630
0.00246800
0.00285300
0.00208600
0.00243000
0.00211600
0.00196600
0.00222900
0.00661900
0.00112400
0.00239800
0.00240800
0.00195700
0.00195000
0.00241300
0.00343900
0.00156100

-> Temps de suppressions : 

0.0443100
0.384559
0.125980
0.159629
0.365275
0.300647
0.168714
0.819479
0.0931250
0.235098
0.0740080
0.241391
0.162893
0.148987
0.233211
0.183923
0.171759
0.728345
0.0493410
0.211829

-> Temps de comptage de mots : 

0.894569
1.00061
0.841266
0.973735
0.957509
0.980777
0.864180
0.842574
0.928953
1.24850
0.967383
1.31447
0.884839
1.00169
0.834418
0.824373
0.829140
0.810644
0.640241
0.815138


-> Temps de prefixe : 

0.00121900
0.00117300
0.0384930
0.00147200
0.000948000
0.000899000
0.000912000
0.00122900
0.000778000
0.000872000
0.000980000
0.00741600
0.0259240
0.00125300
0.000963000
0.000875000
0.00112100
0.00124200
0.000903000
0.000828000

===============================================

Mon Nov 30 16:10:11 CET 2015

-> Temps de constructions : 

6.02577
5.62496
5.59049
5.42188
5.54378
5.55145
5.65713
5.42458
5.54410
5.53524
5.68757
5.47543
5.84941
5.55879
5.59472
5.54233
5.50312
5.42813
27.1910
5.17297

-> Temps d'insertion : 

0.000866000
0.000769000
0.000489000
0.000605000
0.000643000
0.000612000
0.000798000
0.000834000
0.000645000
0.000600000
0.000814000
0.000613000
0.000602000
0.000633000
0.000887000
0.000874000
0.000632000
0.000874000
0.000944000
0.000583000

-> Temps de recherche : 

0.00460300
0.00528700
0.0195720
0.0399710
0.00190700
0.00184700
0.00228900
0.00215900
0.00204700
0.00162500
0.00184500
0.00704000
0.00120500
0.00222500
0.00200400
0.00207300
0.00186900
0.00230400
0.00300800
0.00120200

-> Temps de suppressions : 

0.0451740
0.294040
0.107781
0.144503
0.244149
0.209136
0.164444
0.723138
0.0784940
0.221047
0.0674370
0.250241
0.120862
0.123024
0.239459
0.192285
0.160729
0.719630
0.0523120
0.211090

-> Temps de comptage de mots : 

0.913513
0.893015
0.843589
0.887717
0.923068
0.873191
0.841390
0.822606
0.900922
0.930574
0.875123
1.34290
0.919045
0.897246
0.848312
0.827931
0.831119
0.816680
0.641717
0.813108

-> Temps de prefixe : 

0.00111900
0.00127000
0.0283670
0.00990000
0.000970000
0.000886000
0.000980000
0.00108800
0.00102800
0.000961000
0.00118400
0.00550700
0.0253220
0.00107400
0.000933000
0.000830000
0.00113300
0.00117500
0.000846000
0.000803000

===============================================

